MLP_FED_2=[
46.80,
59.51,
64.30,
69.82,
73.82,
76.78,
79.23,
80.74,
81.81,
83.73,
84.85,
84.72,
85.87,
86.12,
86.15,
87.07,
87.28,
87.30,
87.65,
87.64,
87.50,
87.84,
87.92,
88.25,
88.53,
88.78,
88.63,
88.58,
88.81,
89.07,
88.71,
89.07,
88.83,
88.81,
88.97,
89.25,
89.36,
89.07,
88.96,
89.46,
88.98,
89.41,
89.27,
89.75,
89.23,
89.50,
89.74,
89.64,
89.36,
89.79,
89.86,
89.48,
89.70,
89.55,
89.46,
89.68,
89.68,
89.95,
89.71,
89.88,
89.59,
89.91,
89.98,
90.41,
89.94,
89.97,
89.99,
90.15,
90.12,
90.17,
90.22,
90.18,
90.36,
90.52,
90.41,
90.30,
90.24,
90.12,
90.26,
90.54,
90.50,
90.30,
90.36,
90.22,
90.46,
90.49,
90.57,
90.47,
90.50,
90.27,
90.62,
90.44,
90.46,
90.14,
90.57,
90.93,
90.70,
90.66,
90.80,
90.85]

CNN_MNIST_2 = [59.87,
68.41,
76.91,
81.82,
85.40,
86.37,
86.70,
87.69,
89.06,
89.21,
90.05,
90.48,
91.08,
91.51,
91.68,
92.06,
92.56,
93.39,
93.25,
93.08,
94.01,
93.91,
94.09,
94.48,
94.02,
94.74,
94.78,
95.03,
95.03,
95.57,
95.33,
95.58,
95.15,
95.83,
95.92,
96.41,
95.80,
95.58,
95.86,
95.93,
96.45,
96.64,
96.29,
96.53,
96.72,
96.91,
96.96,
96.98,
96.95,
96.60,
97.09,
96.80,
97.24,
97.09,
97.05,
97.28,
97.29,
97.35,
97.47,
97.59,
97.49,
97.54,
97.39,
97.56,
97.74,
97.63,
97.85,
97.69,
97.78,
97.83,
97.88,
98.00,
97.81,
97.79,
97.84,
97.69,
97.87,
97.89,
98.08,
97.98,
97.88,
97.92,
97.91,
97.79,
97.86,
97.93,
97.91,
97.85,
98.13,
97.90,
97.98,
98.07,
98.00,
97.90,
98.09,
98.10,
97.75,
98.00,
97.88,
98.07]
